time_derivative : 0.053922
time_backward : 0.852457
time_cost : 0.870581
time_etc : 0.0515036
f_derivative : 2.94904
f_backward : 46.6215
f_cost : 47.6127
f_etc : 2.81677
avg_compute : 0.00533213
