time_derivative : 0.152499
time_backward : 2.43498
time_cost : 2.4709
time_etc : 0.138465
f_derivative : 2.93445
f_backward : 46.855
f_cost : 47.5462
f_etc : 2.6644
avg_compute : 0.00604559
