time_derivative : 0.104971
time_backward : 1.67964
time_cost : 1.6702
time_etc : 0.0678093
f_derivative : 2.97992
f_backward : 47.6815
f_cost : 47.4136
f_etc : 1.92496
avg_compute : 0.00866547
