time_derivative : 0.00755796
time_backward : 0.125389
time_cost : 0.125379
time_etc : 0.00802067
f_derivative : 2.83764
f_backward : 47.0773
f_cost : 47.0737
f_etc : 3.01137
avg_compute : 0.207453
