time_derivative : 0.478294
time_backward : 7.15287
time_cost : 3.13391
time_etc : 0.307034
f_derivative : 4.31981
f_backward : 64.6026
f_cost : 28.3046
f_etc : 2.77304
avg_compute : 0.00624267
