time_derivative : 0.0503876
time_backward : 0.758025
time_cost : 0.754005
time_etc : 0.0303538
f_derivative : 3.16352
f_backward : 47.5916
f_cost : 47.3392
f_etc : 1.90572
avg_compute : 0.00866355
