time_derivative : 0.0159601
time_backward : 0.310452
time_cost : 0.0171428
time_etc : 0.0400755
f_derivative : 4.16029
f_backward : 80.9248
f_cost : 4.46857
f_etc : 10.4464
avg_compute : 0.00104699
