time_derivative : 0.0813463
time_backward : 1.34605
time_cost : 1.35746
time_etc : 0.0827228
f_derivative : 2.83675
f_backward : 46.9403
f_cost : 47.3382
f_etc : 2.88476
avg_compute : 0.00568272
