time_derivative : 0.495958
time_backward : 7.07906
time_cost : 3.13105
time_etc : 0.45614
f_derivative : 4.44319
f_backward : 63.4199
f_cost : 28.0504
f_etc : 4.08647
avg_compute : 0.00679276
