time_derivative : 0.0241232
time_backward : 0.450738
time_cost : 0.0241574
time_etc : 0.0279992
f_derivative : 4.5773
f_backward : 85.5261
f_cost : 4.58379
f_etc : 5.31277
avg_compute : 0.00205028
