time_derivative : 0.0916511
time_backward : 1.48143
time_cost : 1.48072
time_etc : 0.0805706
f_derivative : 2.92407
f_backward : 47.264
f_cost : 47.2413
f_etc : 2.57055
avg_compute : 0.00614743
