time_derivative : 0.0509891
time_backward : 0.790036
time_cost : 0.804786
time_etc : 0.0536838
f_derivative : 3.00025
f_backward : 46.4865
f_cost : 47.3544
f_etc : 3.15881
avg_compute : 0.00526539
